          65
         115
         223
           9
          84
         182
         193
          72
          50
          73
         142
         177
          98
          42
         110
         174
         181
          86
         136
          88
         183
          56
         230
         251
         199
         204
         230
          30
         131
         179
          29
         157
         132
         224
         138
         152
           5
         123
         221
          95
          78
          67
         169
          96
          37
         161
          20
         200
         228
         116
         217
         130
          99
          71
          99
          63
         210
           3
          38
          32
          56
         142
         228
         206
          62
           4
          98
          94
         182
         191
         156
         245
           3
          57
         226
          83
         165
          22
         133
         184
         179
         209
          14
         199
          56
         158
         100
         113
         186
         236
         225
         150
          59
         144
         101
          84
          57
          89
         109
         203
         169
           5
         230
           9
          85
         161
         175
         193
          42
          18
         196
         112
         252
         101
         189
          47
          40
         104
         228
          91
         137
          39
          80
         134
         169
          77
         200
         234
         105
         113
         136
          12
         106
         207
         112
         237
         195
         142
          41
          37
         211
          30
           2
          29
          20
          10
         250
         120
         219
          16
